    10  50 100 1000
 [1,]  1 1.0 0.5  NaN
 [2,]  1 1.0 1.0  NaN
 [3,]  1 1.0 1.0  NaN
 [4,]  1 1.0 1.0  NaN
 [5,]  1 1.0 1.0  NaN
 [6,]  1 1.0 1.0  NaN
 [7,]  1 1.0 1.0  NaN
 [8,]  1 1.0 1.0  NaN
 [9,]  1 1.0 1.0  NaN
[10,]  1 0.5 1.0  NaN
[11,]  1 1.0 1.0  NaN
[12,]  1 1.0 1.0  NaN
[13,]  1 1.0 1.0  NaN
[14,]  1 1.0 1.0  NaN
[15,]  1 1.0 1.0  NaN
[16,]  1 1.0 1.0  NaN
[17,]  1 1.0 1.0  NaN
[18,]  1 1.0 1.0  NaN
[19,]  1 1.0 1.0  NaN
[20,]  1 0.5 1.0  NaN
[21,]  1 1.0 1.0  NaN
[22,]  1 1.0 0.5  NaN
[23,]  1 1.0 1.0  NaN
[24,]  1 1.0 1.0  NaN
[25,]  1 1.0 1.0  NaN
[26,]  1 1.0 1.0  NaN
[27,]  1 0.5 1.0  NaN
[28,]  1 1.0 1.0  NaN
[29,]  1 1.0 1.0  NaN
[30,]  1 1.0 1.0  NaN
[31,]  1 1.0 1.0  NaN
[32,]  1 1.0 1.0  NaN
[33,]  1 1.0 1.0  NaN
[34,]  1 1.0 1.0  NaN
[35,]  1 1.0 1.0  NaN
[36,]  1 1.0 1.0  NaN
[37,]  1 1.0 1.0  NaN
[38,]  1 1.0 1.0  NaN
[39,]  1 1.0 1.0  NaN
[40,]  1 1.0 1.0  NaN
[41,]  1 1.0 1.0  NaN
[42,]  1 1.0 1.0  NaN
[43,]  1 1.0 1.0  NaN
[44,]  1 0.5 1.0  NaN
[45,]  1 0.5 1.0  NaN
[46,]  1 1.0 1.0  NaN
[47,]  1 1.0 1.0  NaN
[48,]  1 1.0 1.0  NaN
[49,]  1 1.0 1.0  NaN
[50,]  1 1.0 0.5  NaN
          10      50     100 1000
 [1,] 30.912 110.066 227.982  NaN
 [2,] 32.775 110.057 236.841  NaN
 [3,] 32.920 110.939 242.365  NaN
 [4,] 33.781 115.567 234.406  NaN
 [5,] 33.213 112.230 228.227  NaN
 [6,] 33.471 114.395 243.551  NaN
 [7,] 34.737 117.459 221.491  NaN
 [8,] 33.358 108.918 219.768  NaN
 [9,] 34.548 115.870 206.741  NaN
[10,] 34.531 115.494 228.783  NaN
[11,] 33.520 110.510 235.962  NaN
[12,] 34.461 100.997 236.895  NaN
[13,] 33.841 113.389 234.529  NaN
[14,] 33.487 113.645 193.106  NaN
[15,] 33.531 114.445 245.321  NaN
[16,] 34.068 112.526 240.441  NaN
[17,] 34.233 114.307 225.972  NaN
[18,] 34.049 109.955 243.579  NaN
[19,] 33.464 118.660 224.744  NaN
[20,] 33.248 115.450 209.467  NaN
[21,] 35.076 110.062 226.663  NaN
[22,] 35.243 114.041 234.027  NaN
[23,] 35.783 116.812 211.835  NaN
[24,] 34.980 109.700 222.198  NaN
[25,] 33.922 114.436 238.711  NaN
[26,] 34.720 111.119 240.471  NaN
[27,] 35.007 110.071 232.980  NaN
[28,] 33.789 113.436 225.545  NaN
[29,] 34.148 108.728 232.939  NaN
[30,] 34.397 111.669 240.969  NaN
[31,] 34.218 106.829 203.126  NaN
[32,] 33.518 115.635 232.707  NaN
[33,] 33.948 115.836 239.098  NaN
[34,] 33.223 110.365 226.846  NaN
[35,] 33.791 111.677 234.362  NaN
[36,] 34.355 110.163 220.458  NaN
[37,] 33.545 110.253 215.069  NaN
[38,] 34.449 115.925 228.270  NaN
[39,] 33.931 112.315 207.525  NaN
[40,] 33.593 112.558 242.475  NaN
[41,] 34.669 114.404 243.323  NaN
[42,] 33.506 108.171 238.686  NaN
[43,] 33.454 109.361 239.656  NaN
[44,] 34.142 109.934 229.713  NaN
[45,] 34.351 117.375 244.541  NaN
[46,] 33.553  95.375 226.876  NaN
[47,] 33.805 113.166 239.245  NaN
[48,] 32.905 117.248 236.085  NaN
[49,] 34.890 110.888 239.944  NaN
[50,] 33.759 111.039 253.597  NaN
